0
1
2
3
4
3
3
2
3
4
5
5
4
5
4
5
4
5
4
5
4
3
2
1
2
1
2
3
4
5
4
3
2
2
1
2
1
0
-1
0
-1
0
0
1
2
1
0
1
0
1
2
3
4
5
6
5
5
6
5
6
5
6
6
7
8
7
6
5
6
7
7
8
9
8
7
6
7
8
7
8
9
10
11
10
11
10
11
12
12
11
10
9
8
7
8
7
8
7
6
5
5
6
5
6
7
8
7
6
7
8
8
7
6
7
8
7
7
8
9
9
9
8
7
6
7
6
5
4
5
6
7
8
7
8
9
9
10
10
9
8
9
10
11
11
10
9
8
7
7
6
5
5
4
5
4
5
4
5
4
5
6
7
6
5
6
5
4
3
2
3
4
5
4
3
3
4
5
4
4
5
6
5
6
7
6
5
6
7
6
5
4
3
4
5
4
5
5
6
6
5
6
7
7
6
5
4
4
5
6
6
7
7
8
9
9
9
9
9
10
9
8
8
9
8
9
9
10
11
11
11
11
12
13
12
11
11
10
9
9
10
9
10
10
10
9
8
7
6
5
6
7
8
9
8
9
10
9
10
11
10
11
12
11
12
12
13
14
15
16
17
18
17
18
19
20
20
21
22
23
22
23
22
23
22
23
24
23
23
22
23
22
21
22
23
23
24
23
23
22
21
21
21
22
23
24
23
24
25
25
24
25
26
27
28
28
27
26
25
24
25
24
25
24
24
25
24
24
23
22
23
24
25
26
25
24
23
24
23
24
25
26
27
26
27
28
29
30
30
30
29
30
29
28
27
28
29
30
31
31
31
31
32
33
34
33
34
34
35
34
35
36
36
37
36
37
38
39
38
39
40
41
42
41
41
42
43
44
43
42
42
43
44
45
45
44
44
44
43
44
43
42
43
42
41
42
43
44
45
44
43
44
43
43
43
42
43
44
43
42
41
40
41
41
40
41
40
39
39
40
39
38
38
38
39
38
38
39
39
40
39
38
39
40
41
42
43
42
43
42
43
44
45
46
47
47
48
47
48
49
49
50
50
50
50
51
50
49
50
51
51
52
52
53
54
55
54
55
56
57
58
59
60
61
60
61
62
63
62
61
60
59
58
59
60
59
58
58
59
59
60
61
61
62
63
64
63
63
62
61
61
61
62
63
64
64
65
66
67
66
67
66
67
66
66
65
66
65
64
63
64
65
64
65
64
65
64
65
66
67
68
69
70
71
72
73
74
75
74
75
75
75
74
75
74
73
74
74
75
74
75
74
74
75
76
77
78
77
76
77
77
76
77
78
79
80
79
80
81
82
83
84
85
86
87
87
86
87
86
87
88
89
88
89
90
89
90
91
92
93
92
93
92
91
90
89
89
90
90
91
92
93
94
93
94
93
92
93
94
95
96
97
96
97
98
97
97
96
97
98
97
96
95
94
93
94
95
96
95
96
95
95
94
95
94
95
95
96
97
98
97
96
95
96
95
95
95
94
93
94
94
93
93
92
93
94
95
94
94
93
93
92
91
90
89
90
89
88
87
87
87
88
89
88
89
90
